 0.640 -188.26366848  22.13457758
 0.670 -170.84105503  19.29777808
 0.700 -155.59975938  16.92266465
 0.730 -142.22309617  14.93057551
 0.760 -130.31445693  13.22814506
 0.790 -119.74223368  11.77466731
 0.820 -110.32411223  10.52930577
 0.850 -101.83181358   9.44521385
 0.880 -94.20658395   8.50671156
 0.910 -87.32908271   7.68907140
 0.939 -81.06322932   6.96724205
 0.969 -75.38431088   6.33515203
 0.999 -70.21093134   5.77609120
 1.029 -65.45700473   5.27764873
 1.059 -61.11540188   4.83572250
 1.089 -57.12839731   4.44180863
 1.119 -53.43795610   4.08634371
 1.149 -50.22835379   3.77967950
 1.179 -47.53899075   3.51337631
 1.209 -44.84962771   3.24707311
 1.239 -42.16026468   2.98076992
 1.269 -39.70759405   2.73423703
 1.299 -37.81075485   2.53413130
 1.329 -35.91391565   2.33402556
 1.359 -34.01707644   2.13391983
 1.389 -32.12023724   1.93381410
 1.419 -30.55115007   1.85395904
 1.449 -28.99641344   1.77936914
 1.479 -27.44167682   1.70477923
 1.509 -25.88694019   1.63018932
 1.538 -24.67134479   1.54879746
 1.568 -23.47309513   1.46705769
 1.598 -22.27484546   1.38531793
 1.628 -21.07659579   1.30357817
 1.658 -20.03208375   1.24051512
 1.688 -19.08555842   1.18935593
 1.718 -18.13903309   1.13819674
 1.748 -17.19250777   1.08703754
 1.778 -16.33989572   1.06201314
 1.808 -15.54884858   1.05412142
 1.838 -14.75780145   1.04622969
 1.868 -13.96675431   1.03833796
 1.898 -13.23725967   1.08182105
 1.928 -12.54926160   1.15993926
 1.958 -11.86126353   1.23805746
 1.988 -11.17326545   1.31617567
 2.018 -10.49855540   1.39258335
 2.048  -9.86231983   1.46403833
 2.078  -9.22608426   1.53549331
 2.108  -8.58984868   1.60694829
 2.137  -7.98189785   1.68650122
 2.167  -7.45880337   1.79034862
 2.197  -6.93570889   1.89419601
 2.227  -6.41261441   1.99804341
 2.257  -5.88951993   2.10189080
 2.287  -5.41180257   2.21777950
 2.317  -4.93860628   2.33486792
 2.347  -4.46540999   2.45195634
 2.377  -3.99221370   2.56904476
 2.407  -3.57040362   2.85804428
 2.437  -3.15413374   3.16557836
 2.467  -2.73786385   3.47311244
 2.497  -2.32159397   3.78064652
 2.527  -2.15947863   4.02560685
 2.557  -2.02687330   4.26330170
 2.587  -1.89426797   4.50099656
 2.617  -1.76166264   4.73869142
 2.647  -1.71050403   4.90512621
 2.677  -1.72455425   5.01450795
 2.707  -1.73860446   5.12388968
 2.736  -1.75265468   5.23327142
 2.766  -1.75055348   5.32897361
 2.796  -1.73516566   5.41342260
 2.826  -1.71977784   5.49787160
 2.856  -1.70439002   5.58232059
 2.886  -1.69272082   5.65273920
 2.916  -1.69520667   5.66975068
 2.946  -1.69769251   5.68676216
 2.976  -1.70017835   5.70377364
 3.006  -1.69951248   5.71844143
 3.036  -1.68634465   5.72381245
 3.066  -1.67317683   5.72918348
 3.096  -1.66000900   5.73455450
 3.126  -1.64740800   5.73464191
 3.156  -1.63715247   5.71286613
 3.186  -1.62689693   5.69109036
 3.216  -1.61664140   5.66931459
 3.246  -1.60638586   5.64753882
 3.276  -1.56135028   5.63686576
 3.306  -1.51036981   5.62809046
 3.335  -1.45938934   5.61931516
 3.365  -1.40840887   5.61053986
 3.395  -1.36769964   5.60701370
 3.425  -1.32884128   5.60443342
 3.455  -1.28998292   5.60185314
 3.485  -1.25112457   5.59927287
 3.515  -1.24185661   5.59043237
 3.545  -1.26139502   5.57549751
 3.575  -1.28093343   5.56056265
 3.605  -1.30047184   5.54562780
 3.635  -1.31586261   5.54259280
 3.665  -1.32710571   5.55145782
 3.695  -1.33834880   5.56032283
 3.725  -1.34959189   5.56918785
 3.755  -1.34114207   5.60460917
 3.785  -1.31246284   5.66731027
 3.815  -1.28378362   5.73001137
 3.845  -1.25510439   5.79271248
 3.875  -1.23125166   5.84381037
 3.905  -1.23418298   5.83051773
 3.934  -1.23711430   5.81722509
 3.964  -1.24004563   5.80393244
 3.994  -1.24204033   5.79216851
 4.024  -1.23855514   5.78934864
 4.054  -1.23506996   5.78652876
 4.084  -1.23158477   5.78370889
 4.114  -1.22809959   5.78088901
 4.144  -1.24337371   5.74337513
 4.174  -1.26318114   5.69747723
 4.204  -1.28298857   5.65157932
 4.234  -1.30279600   5.60568141
 4.264  -1.31186231   5.57619232
 4.294  -1.31822081   5.55083985
 4.324  -1.32457930   5.52548738
 4.354  -1.33093780   5.50013492
 4.384  -1.33850938   5.45610030
 4.414  -1.34639965   5.40715758
 4.444  -1.35428992   5.35821486
 4.474  -1.36218019   5.30927215
 4.504  -1.36424495   5.24793370
 4.533  -1.35922833   5.17152726
 4.563  -1.35421171   5.09512082
 4.593  -1.34919510   5.01871438
 4.623  -1.33515075   4.95026387
 4.653  -1.30982974   4.89175122
 4.683  -1.28450874   4.83323857
 4.713  -1.25918773   4.77472592
 4.743  -1.23244908   4.71627100
 4.773  -1.19350023   4.65831327
 4.803  -1.15455138   4.60035553
 4.833  -1.11560252   4.54239780
 4.863  -1.07584916   4.48639758
 4.893  -1.02863276   4.44855626
 4.923  -0.98141637   4.41071494
 4.953  -0.93419997   4.37287361
 4.983  -0.88819859   4.33480425
 5.013  -0.85439409   4.29444575
 5.043  -0.82058959   4.25408725
 5.073  -0.78678509   4.21372875
 5.103  -0.75298059   4.17337025
 5.132  -0.72063827   4.14301943
 5.162  -0.68878339   4.11600479
 5.192  -0.65692851   4.08899014
 5.222  -0.62507363   4.06197550
 5.252  -0.60561350   4.02715566
 5.282  -0.59043432   3.98964004
 5.312  -0.57525515   3.95212442
 5.342  -0.56007597   3.91460880
 5.372  -0.53739040   3.88546625
 5.402  -0.50356987   3.86874429
 5.432  -0.46974934   3.85202233
 5.462  -0.43592881   3.83530038
 5.492  -0.40866429   3.81383476
 5.522  -0.39140052   3.78513301
 5.552  -0.37413676   3.75643125
 5.582  -0.35687299   3.72772950
 5.612  -0.33623510   3.70087356
 5.642  -0.31030320   3.67691371
 5.672  -0.28437130   3.65295386
 5.702  -0.25843940   3.62899400
 5.731  -0.23253947   3.60503172
 5.761  -0.20726461   3.58102202
 5.791  -0.18198975   3.55701231
 5.821  -0.15671489   3.53300261
 5.851  -0.13132044   3.50884424
 5.881  -0.10319442   3.48129049
 5.911  -0.07506840   3.45373673
 5.941  -0.04694239   3.42618297
 5.971  -0.01881637   3.39862922
 6.001   0.01559271   3.39152372
 6.031   0.05267743   3.39312607
 6.061   0.08976214   3.39472842
 6.091   0.12684685   3.39633077
 6.121   0.14956630   3.38483001
 6.151   0.16597070   3.36756906
 6.181   0.18237509   3.35030810
 6.211   0.19877949   3.33304715
 6.241   0.21794471   3.32100711
 6.271   0.23836241   3.31133559
 6.301   0.25878010   3.30166407
 6.330   0.27919780   3.29199255
 6.360   0.29275540   3.27616579
 6.390   0.29342105   3.24877168
 6.420   0.29408669   3.22137758
 6.450   0.29475234   3.19398347
 6.480   0.28984468   3.16535478
 6.510   0.27414751   3.13433603
 6.540   0.25845034   3.10331729
 6.570   0.24275318   3.07229854
 6.600   0.22705601   3.04127979